1.4926715915214668
0.7115816227321732
0.5527242384698459
0.4731908107349129
0.4089385223800538
0.3593761929603678
0.3251463607800406
0.2975550019277351
0.2705795556987323
0.24393044300976605
0.2183264658045335
0.2045124378695329
0.19032729193917675
0.18319189796411273
0.17175273616466852
0.15131859901127234
0.1382848935069231
0.12790746112605933
0.12225953803585503
0.11614949174112948
0.1019024480836469
0.10293576208232065
0.09536935634736202
0.09129669795485995
0.08277669657423642
0.07996107232764305
0.07640641494721888
0.07062567142683303
0.06554588005174503
0.06470406939517405
0.06155005027202619
0.060254314329265805
0.059838742405445684
0.05911502584085654
0.058447974499014635
0.05809124857522983
0.057854907249120825
0.05766502817140976
0.05759595290352473
0.05736190563766108
0.057103134404493695
0.05650683609619802
0.05612978635228455
0.05600168197312554
0.056222558759270375
0.055750857621578415
0.055593856023446124
0.055227060053513535
0.055023019240497156
0.05498014786161558
